   136   101   102   103   104   105
   106   107   108   109   110   111
   112   113   114   115   116   117
   118   119   120   121   122   123
   124   125   126   127   129   130
   136   101   102   103   104   105   651
   106   107   108   109   110   111   651
   112   113   114   115   116   117   687
   118   119   120   121   122   123   723
   124   125   126   127   129   130   761
   596   565   570   575   581   586  3473
